#	duration	interval	peak freq start	peak freq end	peak freq max
1	0.0163	_	59500	59000	61000
2	0.0194	8.4869	58500	59000	59000
3	0.0112	6.3457	53700	54600	54100
4	0.0076	2.4217	60000	61500	61500
5	0.0107	5.2444	61000	61500	61500
6	0.0168	1.4233	59000	63400	62000
7	0.0276	4.8849	58500	59000	62000
8	0.0240	1.0598	73700	64400	63900
9	0.0051	4.5040	61500	60000	61500
10	0.0148	0.9733	62500	64900	64400
11	0.0215	0.7736	60000	62000	62500
12	0.0066	0.3706	59500	60000	59500
13	0.0158	1.4407	58500	60000	60500
14	0.0107	0.8268	62000	63400	62000
15	0.0163	0.1566	59000	62900	62900
16	0.0076	1.5933	73700	75600	75100
17	0.0102	0.1218	60000	60000	60500
18	0.0076	2.1058	64400	63900	63900
19	0.0337	0.1966	62000	63900	64400
20	0.0307	3.8021	60000	62000	61500
21	0.0097	1.5856	62500	64400	64900
22	0.0220	1.4551	66400	68300	66400
23	0.0276	1.1704	62500	62500	63900
24	0.0066	5.0959	62500	61500	62500
25	0.0225	0.9067	61500	62900	62900
26	0.0107	1.2416	61500	62000	62000
27	0.0061	1.5984	61000	63400	61500
28	0.0133	2.2748	61500	60000	61000
29	0.0102	0.4971	59000	59500	60000
30	0.0276	1.6010	56600	59500	60000
31	0.0092	0.6215	56600	57600	58100
32	0.0168	0.8826	61000	61000	63900
33	0.0122	0.6594	65900	63900	64400
34	0.0148	1.6865	61000	63400	63400
35	0.0112	2.9808	63400	64400	64400
36	0.0204	0.3952	61000	58500	61500
37	0.0250	0.9108	59500	40000	62900
38	0.0225	0.3937	62500	71700	66400
39	0.0071	2.7607	80000	70300	80000
40	0.0240	0.9395	59000	60500	60500
41	0.0117	0.4971	59000	59000	59500
42	0.0209	0.5073	59000	60000	61500
43	0.0143	0.8872	60000	63900	60000
44	0.0133	0.9774	64400	64400	64400
45	0.0056	0.1361	58500	59500	59000
46	0.0153	0.4992	60000	66800	65400
47	0.0312	0.4372	58100	58100	62000
48	0.0215	1.9665	59000	60500	61000
49	0.0225	1.4935	60500	60500	61000
50	0.0184	0.3978	62900	66800	65900
51	0.0138	0.4239	59500	60500	59500
52	0.0281	1.0408	57600	63900	62000
53	0.0179	2.3336	61000	64900	64400
54	0.0117	0.7270	74200	78100	77100
55	0.0168	1.0936	61000	59500	60500
56	0.0138	0.8355	58100	59000	58500
57	0.0353	0.8033	61000	62000	62000
58	0.0056	1.4382	51200	52700	52200
59	0.0389	0.9031	76600	62900	62500
60	0.0066	0.9041	59000	59500	59000
61	0.0107	1.1171	61500	65400	62000
62	0.0266	0.9149	56600	70800	64900
63	0.0332	0.8627	64900	65900	65900
64	0.0092	0.4049	58100	59000	59000
65	0.0138	0.6338	59000	60000	59500
66	0.0496	0.8176	62000	62000	62900
67	0.0148	2.0817	61000	63900	64400
68	0.0235	0.1218	57100	59500	62000
69	0.0286	2.4637	60000	64900	66400
70	0.0163	0.2519	62000	64900	65400
71	0.0271	2.2092	57100	56100	56100
72	0.0076	0.9338	60500	60500	60000
73	0.0174	1.1473	58500	60500	60000
74	0.0097	3.1569	59500	60000	60000
75	0.0158	0.5780	57100	59500	59000
76	0.0184	0.2462	59000	59500	60500
77	0.0174	1.3783	60000	58500	60500
78	0.0240	1.1279	56600	54100	62000
79	0.0788	1.2462	75600	76600	74200
80	0.0133	0.5283	59000	62500	59500
81	0.0204	1.2072	58100	59000	60500
82	0.0076	0.4372	57600	58500	58100
83	0.0291	0.8033	59500	60000	61000
84	0.0076	0.4362	58500	62500	62500
85	0.0491	2.9117	61000	66800	65900
86	0.0066	0.2421	60500	61000	60500
87	0.0168	0.8586	59500	62500	61500
88	0.0071	0.4536	59500	59500	60000
89	0.0122	0.5160	59000	58500	59500
90	0.0138	0.5862	59000	60500	60000
91	0.0235	0.7951	57600	59500	58100
92	0.0184	0.5089	64900	66400	65900
93	0.0061	0.1075	60500	62900	61000
94	0.0266	2.2917	59000	64400	64400
95	0.0286	1.8181	58500	63400	63400
96	0.0363	1.3900	61500	64400	63400
97	0.0179	0.5616	57600	62000	61500
98	0.0230	4.0202	58100	63400	58500
99	0.0051	1.8263	67300	68800	68800
100	0.0194	0.2800	62500	62500	62500
101	0.0087	1.0967	59000	62000	60500
102	0.0215	1.7326	56600	61000	61000
103	0.0302	0.5135	78100	63900	66400
104	0.0148	0.1121	54600	55600	55100
105	0.0097	2.0259	79100	82000	79100
106	0.0179	0.1080	55600	55600	55100
107	0.0235	0.2268	60500	64900	63400
108	0.0204	0.3205	58500	62000	61500
109	0.0143	0.9840	57600	60000	58500
110	0.0158	0.1986	59000	59000	59000
111	0.0061	0.7598	74200	72200	75100
112	0.0312	0.1064	53700	54600	57600
113	0.0168	0.5140	74200	73200	75100
114	0.0174	0.6650	56600	73200	72200
115	0.0348	0.2114	59000	61500	62900
116	0.0061	0.4065	63400	63900	64400
117	0.0184	2.4816	58500	65400	61500
118	0.0133	0.4966	59000	64900	59500
119	0.0343	0.1203	59000	65400	60500
120	0.0148	1.7269	59500	61000	61500
121	0.0189	0.3476	77100	76100	76100
122	0.0122	0.4633	58100	62000	60500
123	0.0107	1.3685	75600	75600	79100
124	0.0215	0.0952	58100	64900	59500
125	0.0358	0.4469	62000	59500	62000
126	0.0199	1.1960	64900	65400	65400
127	0.0204	1.5815	63400	68800	68300
128	0.0179	0.7040	58100	59500	60000
129	0.0051	0.4229	75600	75600	76100
130	0.0143	3.2296	57600	60000	58100
131	0.0076	0.4439	73700	74700	73700
132	0.0230	0.3425	59000	59000	59000
133	0.0578	3.0336	58100	62500	61000
134	0.0112	3.3704	58100	61500	61000
135	0.0117	0.3215	58500	61000	60000
136	0.0348	2.7028	59000	61500	62500
137	0.0532	1.6660	58100	65900	62000
138	0.0204	2.1130	59000	58500	59500
139	0.0194	0.9338	53200	59000	59500
140	0.0286	0.4551	58500	64400	63900
141	0.0174	0.4439	57100	60500	58100
142	0.0158	0.5611	56600	58100	59000
143	0.0240	0.7997	58100	70300	72700
144	0.0890	0.6696	72700	57100	70300
145	0.0384	1.0649	71700	64400	61500
146	0.0194	0.9487	59500	62900	62900
147	0.0051	0.5606	60000	61000	60000
148	0.0256	1.0557	60500	64400	62900
149	0.0122	0.6118	58100	59000	59000
150	0.0184	0.5632	56600	56100	57600
151	0.0128	0.5847	74700	61000	61000
152	0.0235	0.1966	56600	58500	58100
153	0.0102	0.6855	62000	70800	78100
154	0.0332	1.0542	57100	71700	62500
155	0.0138	0.2247	60500	62900	61500
156	0.0194	0.3041	59000	64400	64400
157	0.0302	1.5795	57600	60500	60500
158	0.0296	0.2283	59000	80000	65400
159	0.0286	0.1218	58500	59500	60000
160	0.0220	0.4321	60000	65400	63400
161	0.0250	0.6251	57600	75100	77600
162	0.0122	0.3297	50200	51700	52700
163	0.0368	0.8642	47800	49300	51200
164	0.0076	0.2442	56600	56600	56600
165	0.0199	0.1182	50700	53700	52200
166	0.0102	0.1244	48300	49800	48800
167	0.0189	0.6773	59000	58100	59500
168	0.0235	1.6655	57600	59500	60500
169	0.0276	0.6420	64400	63900	63900
170	0.0128	1.9650	58500	59000	58500
171	0.0317	1.1878	57600	55600	58500
172	0.0168	1.0798	61000	65900	63400
173	0.0138	1.6317	58500	60500	60000
174	0.0128	0.7372	56600	57600	57100
175	0.0056	0.5519	57600	57600	58100
176	0.0261	1.4330	59000	61500	61000
177	0.0235	0.7910	58500	59000	60500
178	0.0153	1.0188	59000	58500	60000
179	0.0189	4.6305	57600	79100	59500
180	0.0189	0.1346	61500	64900	64400
181	0.0092	0.1198	58100	59000	59000
182	0.0552	0.7229	60500	61000	61500
183	0.0291	0.2467	66800	50700	66400
184	0.0163	5.4149	57100	68300	73700
185	0.0112	0.4776	58100	60500	61000
186	0.0076	2.2133	61500	61500	62000
187	0.0081	0.5672	58100	58100	58100
188	0.0117	0.3788	54100	55600	55100
189	0.0384	0.5309	54600	71700	70300
190	0.0174	0.5309	70800	75600	71200
191	0.0128	1.2236	59000	61000	61500
192	0.0163	0.3891	59500	59000	61000
193	0.0220	0.4403	58500	60000	59000
194	0.0199	0.3886	58100	62000	62000
195	0.0117	0.3430	57600	61500	61000
196	0.0302	0.1192	58500	62900	62000
197	0.0179	0.3860	58500	65900	60500
198	0.0174	0.3645	58500	60000	59000
199	0.0138	4.0207	57600	60500	60500
200	0.0102	0.3732	58100	58500	58500
201	0.0302	0.6149	58500	63400	63900
202	0.0291	0.6517	59000	79500	60000
203	0.0281	1.1509	59000	77600	63900
204	0.0081	0.2452	59500	60000	59500
205	0.0102	2.3500	60500	62900	63400
206	0.0051	0.6917	62900	63400	64400
207	0.0220	0.5217	58500	60000	60500
208	0.0204	0.2329	57600	57600	59000
209	0.0235	0.3153	59000	64400	62000
210	0.0112	1.0357	59500	60500	61000
211	0.0081	0.5662	60000	61500	62000
212	0.0168	1.1264	57100	59000	59000
213	0.0056	0.3153	55100	55600	55600
214	0.0087	0.4346	60000	61000	60500
215	0.0107	0.4602	60000	62500	62500
216	0.0051	0.9221	61000	62000	61000
217	0.0204	1.6312	58500	62000	62000
218	0.0276	0.1448	57100	71200	60000
219	0.0168	0.9748	60000	62500	62000
220	0.0051	0.5135	75600	72700	76600
221	0.0348	0.4439	53700	70800	69800
222	0.0168	0.2452	53700	54600	55600
223	0.0957	0.8545	74700	62500	74200
224	0.0076	0.9794	54100	55600	54600
225	0.0179	2.7422	64400	65400	65900
226	0.0245	0.2954	65400	65900	66400
227	0.0133	0.2411	62500	62000	62900
228	0.0220	0.5529	58500	61000	60500
229	0.0102	0.1280	38000	58500	38000
230	0.0250	0.3758	58100	62500	63900
231	0.0281	0.3486	58100	66800	74700
232	0.0225	1.6081	59500	74700	80000
233	0.0302	0.4910	58500	59500	60500
234	0.0332	0.2391	55600	64400	64900
235	0.0209	0.5509	59000	62000	62500
236	0.0317	0.4618	61000	63900	65400
237	0.0122	5.0391	59000	62000	59000
238	0.0081	0.0435	63900	63900	63900
239	0.0286	1.2738	59000	69800	66400
240	0.0501	0.7659	60000	66400	65900
241	0.0184	0.7541	58100	56600	58100
242	0.0194	1.1356	59000	79500	62500
243	0.0194	2.8149	58100	59500	58500
244	0.0153	1.0475	61000	62000	62900
245	0.0168	3.0197	58100	62000	61500
246	0.0081	7.1746	62500	67300	63900
247	0.0240	2.0075	60000	62000	61500
248	0.0112	1.7085	59500	60500	60500
249	0.0128	4.8629	60000	62000	59500
250	0.0235	0.8872	58100	57600	59000
251	0.0896	0.4526	72200	67800	75100
252	0.0071	1.8467	52200	54600	52200
253	0.0071	0.1536	52700	54100	53200
254	0.0266	0.5841	55600	59500	55600
255	0.0189	1.3245	55100	59000	58100
256	0.0394	1.0562	58100	62500	62000
257	0.0087	0.6481	54600	56600	54600
258	0.0343	0.3466	60500	63900	63900
259	0.0240	1.7121	72200	61500	72700
260	0.0056	0.6016	56100	59500	56100
